109
155
935
601
162
391
928
602
867
120
448
114
444
112
532
107
118
121
154
413
417
603
691
513
692
102
682
500
865
100
861
161
686
704
372
119
522
933
828
703
685
700
531
702
706
771
443
511
708
883
512
672
718
106
440
101
127
103
521
325
132
612
362
561
125
811
192
165
552
115
780
542
441
110
823
415
419
446
104
113
171
710
562
108
857
551
117
671
411
632
105
662
414
738
170
713
331
197
541
942
971
412
701
158
336
131
300
333
461
913
934
176
301
432
611
976
731
863
151
452
352
198
866
902
681
447
152
172
410
361
821
449
892
371
116
591
943
832
316
319
320
970
964
199
196
173
157
661
451
873
329
860
169
217