3340901
3340201
3340501
3340601
334104001
334103001
334094001
3340401
334105001
334101001
334067001
334050102
334100103
334053001
334050101
334050130
334050103
334066001
334050110
334091001
334050120
334060101
334020106
334055001
334041001
334063001
334082001
334056001
334032001
334061001
334040103
334057001
334065001
334058001
334062001
334080101
334030102
334054001
334030101
334030103
334081001
334021001
334110101
334031001
334069001
334022001
334040101
334064001
334079001
334046001
334034001
334020108
334023001
334080102
334033001
334042001
334019001
334020102
334047001
334083001
334071001
334025001
334092001
334044001
334070101
334043001
334045001
334107001
334072001
334024001
334075001
334078001
334068001
334076001
334077001
334074001
334073001
334108001
334106001
3340801
334102001
334100102
334100101
334093001
334112001
